---
maxVel: 30.0
maxAccel: 40.0
maxAngVel: 3.141592653589793
maxAngAccel: 3.141592653589793
robotLength: 17.0
robotWidth: 12.0
driveType: "MECANUM"
trackWidth: 12.0
lateralMultiplier: 1.0
