---
startPose:
  x: -36.0
  y: 60.0
  heading: 4.71238898038469
startTangent: 4.71238898038469
waypoints:
- position:
    x: -27.0
    y: 60.0
  heading: 4.71238898038469
  tangent: 0.0
  interpolationType: "SPLINE"
- position:
    x: -12.0
    y: 24.0
  heading: 0.0
  tangent: 4.71238898038469
  interpolationType: "SPLINE"
resolution: 0.25
version: 1
